Elements Taxonomy:365.0465.0
Correct: 152
Precision: 0.41643835616438357
Recall: 0.32688172043010755
F1: 0.3662650602409639
