Elements Taxonomy:355.0465.0
Correct: 152
Precision: 0.428169014084507
Recall: 0.32688172043010755
F1: 0.37073170731707317
