Elements Taxonomy:346.0465.0
Correct: 153
Precision: 0.4421965317919075
Recall: 0.32903225806451614
F1: 0.37731196054254007
