Elements Taxonomy:349.0465.0
Correct: 150
Precision: 0.4297994269340974
Recall: 0.3225806451612903
F1: 0.36855036855036855
