Elements Taxonomy:307.0465.0
Correct: 142
Precision: 0.46254071661237783
Recall: 0.3053763440860215
F1: 0.36787564766839376
