Elements Taxonomy:308.0465.0
Correct: 140
Precision: 0.45454545454545453
Recall: 0.3010752688172043
F1: 0.36222509702457956
