Elements Taxonomy:363.0465.0
Correct: 151
Precision: 0.41597796143250687
Recall: 0.3247311827956989
F1: 0.3647342995169082
