Elements Taxonomy:316.0465.0
Correct: 141
Precision: 0.4462025316455696
Recall: 0.3032258064516129
F1: 0.36107554417413573
