Elements Taxonomy:343.0465.0
Correct: 149
Precision: 0.43440233236151604
Recall: 0.3204301075268817
F1: 0.3688118811881188
