Elements Taxonomy:322.0465.0
Correct: 143
Precision: 0.4440993788819876
Recall: 0.30752688172043013
F1: 0.36340533672172803
