Elements Taxonomy:344.0465.0
Correct: 149
Precision: 0.4331395348837209
Recall: 0.3204301075268817
F1: 0.3683559950556242
