Elements Taxonomy:347.0465.0
Correct: 150
Precision: 0.4322766570605187
Recall: 0.3225806451612903
F1: 0.36945812807881767
