Elements Taxonomy:328.0465.0
Correct: 144
Precision: 0.43902439024390244
Recall: 0.3096774193548387
F1: 0.3631778058007566
