Elements Taxonomy:348.0465.0
Correct: 150
Precision: 0.43103448275862066
Recall: 0.3225806451612903
F1: 0.3690036900369003
