Elements Taxonomy:330.0465.0
Correct: 144
Precision: 0.43636363636363634
Recall: 0.3096774193548387
F1: 0.3622641509433962
