Elements Taxonomy:335.0465.0
Correct: 147
Precision: 0.4388059701492537
Recall: 0.3161290322580645
F1: 0.3675
