Elements Taxonomy:350.0465.0
Correct: 150
Precision: 0.42857142857142855
Recall: 0.3225806451612903
F1: 0.36809815950920244
